Bill:
143
200
162
200
123
200
0
200
169
200
200
200
200
200
179
200
69
31
31
154
200
177
200
200
200
200
200
200
180
200
200
77
200
200
200
200
150
0
100
200
200
200
200
200
154
200
50
200
200
200
0
200
200
200
200
200
77
200
200
200
60
80
200
200
0
200
200
140
200
200
200
148
100
200
200
200
0
Gravy:
200
0
144
77
200
200
77
140
77
200
140
144
200
77
140
200
200
140
167
77
200
77
150
77
80
144
200
0
146
60
150
200
200
138
0
80
160
144
200
200
200
0
197
117
170
200
130
0
200
77
77
200
0
200
154
78
130
200
177
200
76
200
77
77
0
154
63
0
200
200
200
200
150
200
200
0
0